meuse/sqrtdist.asc
NCOLS 78
NROWS 104
XLLCORNER 178440
YLLCORNER 329600
CELLSIZE 40
NODATA_VALUE -1
[rows 78 to 103 of 104, columns 0 to 59 of 78]
-1 -1 -1 -1 -1 0 0.110563556382743 0.220200817437175 0.275112522434003 0.320978192405652 0.353284587832529 0.382855063960241 0.41029135988953 0.435997706415986 0.471930079566878 0.494443121096856 0.515965115099849 0.536624636035283 0.556515947660083 0.575720418258724 0.594297063765252 0.603375504971821 0.616716304308553 0.621136055949097 0.638396428561439 0.651027649182429 0.667517790025105 0.663450827115318 0.651027649182429 0.638396428561439 0.621136055949097 0.616716304308553 0.612303846141766 0.59883720659291 0.598818837379052 0.598800467601688 0.598782097260765 0.598764561409574 0.598746189967001 0.598727817960716 0.598709445390667 0.598695248018556 0.598695248018556 0.598695248018556 0.598695248018556 0.598695248018556 0.598695248018556 0.598709445390667 0.598727817960716 0.595720572080569 -1 -1 -1 -1 -1 -1 -1 -1 -1 -1
-1 -1 -1 -1 0 0.110563556382743 0.193234313723003 0.24365180073211 0.303564820096137 0.345409901421485 0.38285245199685 0.41029135988953 0.435997706415986 0.460267313634153 0.483317700896626 0.515957362579506 0.536624636035283 0.556515947660083 0.575720418258724 0.59430379436783 0.61232344394119 0.62982140325651 0.63839407891991 0.651019200945717 0.655206074452916 0.671588415623736 0.663450827115318 0.646857789626128 0.629827754231266 0.616725222445134 0.603377162312264 0.585084609266045 0.580388662880315 0.575698705921769 0.561351939517447 0.561332343625414 0.561312747049272 0.561293149788949 0.561273551844375 0.561254844077091 0.561235244794908 0.561220099426241 0.561220099426241 0.561220099426241 0.561220099426241 0.561220099426241 0.561220099426241 0.561235244794908 0.561254844077091 0.561273551844375 -1 -1 -1 -1 -1 -1 -1 -1 -1 -1
-1 -1 -1 0 0.110563556382743 0.193234313723003 0.24365180073211 0.284999473683725 0.320981307866985 0.368374809127877 0.403550492503726 0.435994266017341 0.460267313634153 0.483317700896626 0.505314753396336 0.526393389016238 0.556508760038869 0.575720418258724 0.59430379436783 0.61232344394119 0.629827754231266 0.646857789626128 0.663444798005079 0.671588415623736 0.675659677648444 0.663450827115318 0.646857789626128 0.629827754231266 0.61232344394119 0.59430379436783 0.580397277733106 0.566195196023421 0.546658028387035 0.54162625490277 0.53660134177991 0.521173675467209 0.521152568831815 0.521132420791491 0.521111312485154 0.521090203323762 0.521069093307212 0.521052780435917 0.521052780435917 0.521052780435917 0.521052780435917 0.521052780435917 0.521052780435917 0.521069093307212 0.521090203323762 0.521111312485154 0.521126664065465 -1 -1 -1 -1 -1 -1 -1 -1 -1
-1 -1 0 0.0737027814943235 0.193227586022286 0.24365180073211 0.284999473683725 0.320981307866985 0.353284587832529 0.382855063960241 0.423339107572168 0.454279649555205 0.483314597338007 0.505314753396336 0.526393389016238 0.546658028387035 0.566197845280252 0.594297063765252 0.61232344394119 0.629827754231266 0.646857789626128 0.663450827115318 0.679638139012225 0.679636667639409 0.663450827115318 0.646857789626128 0.629827754231266 0.61232344394119 0.59430379436783 0.575720418258724 0.556515947660083 0.541636409411332 0.526390539428664 0.505314753396336 0.499862981225856 0.494417839483973 0.477622235663291 0.477599204354446 0.477576171934907 0.477553138404513 0.477530103763103 0.477513350598703 0.477513350598703 0.477513350598703 0.477513350598703 0.477513350598703 0.477513350598703 0.477530103763103 0.477553138404513 0.477576171934907 0.477599204354446 -1 -1 -1 -1 -1 -1 -1 -1 -1
-1 -1 0.0368514585871441 0.162695113632832 0.231924341111493 0.284994736793506 0.320981307866985 0.353284587832529 0.382855063960241 0.41029135988953 0.435997706415986 0.471930079566878 0.499873984119998 0.526390539428664 0.546658028387035 0.566197845280252 0.585084609266045 0.603379648314393 0.62982140325651 0.646857789626128 0.663450827115318 0.679638139012225 0.687584903848245 0.667517790025105 0.646857789626128 0.629827754231266 0.61232344394119 0.59430379436783 0.575720418258724 0.556515947660083 0.536624636035283 0.515965115099849 0.499873984119998 0.483314597338007 0.460267313634153 0.454267542313998 0.448276700264468 0.429667313162172 0.429641711196667 0.429616107705472 0.429590502688316 0.429571879899046 0.429571879899046 0.429571879899046 0.429571879899046 0.429571879899046 0.429571879899046 0.429590502688316 0.429616107705472 0.429641711196667 0.429667313162172 0.442309846148602 -1 -1 -1 -1 -1 -1 -1 -1
-1 0 0.110563556382743 0.220200817437175 0.26524516960729 0.312271676589472 0.353281757242006 0.382855063960241 0.41029135988953 0.435997706415986 0.460267313634153 0.483317700896626 0.515957362579506 0.541636409411332 0.566195196023421 0.585084609266045 0.603379648314393 0.621136055949097 0.63839799498432 0.663444798005079 0.679638139012225 0.691559831106463 0.671592882630541 0.655203785092852 0.634108823468023 0.61232344394119 0.59430379436783 0.575720418258724 0.556515947660083 0.536624636035283 0.515965115099849 0.494443121096856 0.471938555322618 0.454279649555205 0.435994266017341 0.41029135988953 0.403536863247957 0.396792137018868 0.375614163737205 0.375584877224842 0.375555588428664 0.375532954612508 0.375532954612508 0.375532954612508 0.375532954612508 0.375532954612508 0.375532954612508 0.375555588428664 0.375584877224842 0.375614163737205 0.39680347780734 0.403550492503726 0.416978416707628 -1 -1 -1 -1 -1 -1 -1
-1 0.0491352215828931 0.177934257522266 0.243641129532762 0.303564820096137 0.337551477555646 0.375614163737205 0.41028770393469 0.435997706415986 0.460267313634153 0.483317700896626 0.505314753396336 0.526393389016238 0.556508760038869 0.580397277733106 0.603377162312264 0.621136055949097 0.63839799498432 0.655206074452916 0.671592882630541 0.691559831106463 0.679638139012225 0.663444798005079 0.63839799498432 0.621133641014557 0.59883720659291 0.575720418258724 0.556515947660083 0.536624636035283 0.515965115099849 0.494443121096856 0.471938555322618 0.448303468645961 0.423348556156744 0.403550492503726 0.38285245199685 0.353284587832529 0.345393977944028 0.337514444135358 0.312271676589472 0.312236448865279 0.312210025463629 0.312210025463629 0.312210025463629 0.312210025463629 0.312210025463629 0.312210025463629 0.312236448865279 0.312271676589472 0.337526295271939 0.345409901421485 0.3683530914761 0.375599520766467 0.361159244655318 -1 -1 -1 -1 -1 -1
-1 0 0.177934257522266 0.275062538343556 0.32096573025792 0.368374809127877 0.396823638408802 0.429667313162172 0.460264054646895 0.483317700896626 0.505314753396336 0.526393389016238 0.546658028387035 0.566197845280252 0.594297063765252 0.616725222445134 0.638396428561439 0.655206074452916 0.671592882630541 0.687588539753245 0.687587085393552 0.667517790025105 0.646857789626128 0.62982140325651 0.603379648314393 0.585082045528659 0.561351939517447 0.536624636035283 0.515965115099849 0.494443121096856 0.471938555322618 0.448303468645961 0.423348556156744 0.396823638408802 0.368387024744358 0.345409901421485 0.320978192405652 0.284999473683725 0.275092529887673 0.265204260900914 0.231924341111493 0.231888550816982 0.231888550816982 0.231888550816982 0.231888550816982 0.231888550816982 0.231888550816982 0.231924341111493 0.26521444153741 0.275112522434003 0.30353797126554 0.312254063224164 0.320973519156955 0.345393977944028 0.329692280771024 -1 -1 -1 -1 -1
-1 0.0368514585871441 0.177950273953147 0.275072535888263 0.34534620310639 0.382838085879658 0.423339107572168 0.448303468645961 0.477622235663291 0.505312774427878 0.526393389016238 0.546658028387035 0.566197845280252 0.585084609266045 0.603379648314393 0.62982140325651 0.651027649182429 0.671590649130853 0.687588539753245 0.687588539753245 0.671592882630541 0.655203785092852 0.634108823468023 0.61232344394119 0.594297063765252 0.566197845280252 0.54665528443435 0.521173675467209 0.494443121096856 0.471938555322618 0.448303468645961 0.423348556156744 0.396823638408802 0.368387024744358 0.337551477555646 0.303578325972063 0.275112522434003 0.243646465190858 0.193234313723003 0.177934257522266 0.162679132036042 0.0737027814943235 0.0737027814943235 0.0737027814943235 0.0737027814943235 0.0737027814943235 0.0737027814943235 0.162679132036042 0.177950273953147 0.220188782638898 0.231900409658974 0.243641129532762 0.275092529887673 0.284994736793506 0.312271676589472 0.329658914637539 -1 -1 -1 -1
-1 0.0737027814943235 0.220188782638898 0.275112522434003 0.345378053732428 0.40349597271844 0.435982797825786 0.471930079566878 0.494443121096856 0.521173675467209 0.54665528443435 0.566197845280252 0.585084609266045 0.603379648314393 0.621136055949097 0.63839799498432 0.663444798005079 0.683609537674834 0.687588539753245 0.671592882630541 0.655206074452916 0.63839799498432 0.621133641014557 0.59883720659291 0.575720418258724 0.556508760038869 0.526393389016238 0.505312774427878 0.477622235663291 0.448303468645961 0.423348556156744 0.396823638408802 0.368387024744358 0.337551477555646 0.303578325972063 0.26524516960729 0.220219208971425 0.177950273953147 0.110563556382743 0 0 0 -1 -1 -1 -1 0 0 0.0368514585871441 0.0737027814943235 0.110563556382743 0.177934257522266 0.193227586022286 0.231924341111493 0.265229711759448 0.284999473683725 -1 -1 -1 -1
-1 0.0737027814943235 0.231888550816982 0.303529240766026 0.345409901421485 0.40352323353185 0.454231218654112 0.483303217452564 0.515957362579506 0.536624636035283 0.561351939517447 0.585082045528659 0.603379648314393 0.621136055949097 0.63839799498432 0.655206074452916 0.671592882630541 0.683607343436274 0.671590649130853 0.655206074452916 0.63839799498432 0.621136055949097 0.603379648314393 0.585082045528659 0.561351939517447 0.536624636035283 0.515957362579506 0.483317700896626 0.460264054646895 0.429667313162172 0.396823638408802 0.368387024744358 0.337551477555646 0.303578325972063 0.26524516960729 0.220219208971425 0.162695113632832 0.0368514585871441 0 -1 -1 -1 -1 -1 -1 -1 -1 -1 -1 -1 0 0 0.0737027814943235 0.162679132036042 0.193234313723003 0.24365180073211 0.281704100076658 -1 -1 -1
0.147405562988647 0.0737027814943235 0.231888550816982 0.312210025463629 0.361113555547282 0.403544297444531 0.454249931205278 0.483306321084258 0.515957362579506 0.541636409411332 0.566195196023421 0.594297063765252 0.616725222445134 0.634111188988177 0.646857789626128 0.663450827115318 0.675663377725921 0.663450827115318 0.651027649182429 0.638396428561439 0.621136055949097 0.603379648314393 0.585084609266045 0.566197845280252 0.54665528443435 0.521173675467209 0.494443121096856 0.471930079566878 0.435997706415986 0.41028770393469 0.375614163737205 0.337551477555646 0.303578325972063 0.26524516960729 0.220219208971425 0.162695113632832 0.0368514585871441 0 -1 -1 -1 -1 -1 -1 -1 -1 -1 -1 -1 -1 -1 -1 0 0 0.110563556382743 0.193234313723003 0.265208974207134 -1 -1 -1
0.147405562988647 0.0737027814943235 0.231888550816982 0.303529240766026 0.345409901421485 0.40352323353185 0.435988531959271 0.471930079566878 0.499873984119998 0.526390539428664 0.556508760038869 0.580397277733106 0.603375504971821 0.616725222445134 0.629827754231266 0.646857789626128 0.6593731872013 0.646857789626128 0.629827754231266 0.616725222445134 0.603377162312264 0.585084609266045 0.566197845280252 0.546658028387035 0.526393389016238 0.505312774427878 0.477622235663291 0.448303468645961 0.423339107572168 0.382855063960241 0.353281757242006 0.312271676589472 0.26524516960729 0.220219208971425 0.162695113632832 0.0368514585871441 0 -1 -1 -1 -1 -1 -1 -1 -1 -1 -1 -1 -1 -1 -1 -1 -1 -1 0 0.162669911169829 0.188119376992377 -1 -1 -1
-1 0.0737027814943235 0.220188782638898 0.275112522434003 0.345378053732428 0.382844615999755 0.423339107572168 0.454279649555205 0.483314597338007 0.515957362579506 0.541636409411332 0.566192546754194 0.580397277733106 0.59430379436783 0.61232344394119 0.62981425833336 0.634108823468023 0.62982140325651 0.61232344394119 0.59430379436783 0.580397277733106 0.566195196023421 0.546658028387035 0.526393389016238 0.505314753396336 0.483317700896626 0.460264054646895 0.429667313162172 0.396823638408802 0.368374809127877 0.320981307866985 0.284994736793506 0.231924341111493 0.162695113632832 0.0368514585871441 0 -1 -1 -1 -1 -1 -1 -1 -1 -1 -1 -1 -1 -1 -1 -1 -1 -1 -1 -1 0 0 -1 -1 -1
-1 0.0368514585871441 0.177950273953147 0.275072535888263 0.320968845840215 0.368374809127877 0.403550492503726 0.435994266017341 0.471930079566878 0.499873984119998 0.526387689825665 0.541636409411332 0.556515947660083 0.575720418258724 0.594290333086447 0.59883720659291 0.612319361118036 0.603377162312264 0.594297063765252 0.575720418258724 0.556515947660083 0.541636409411332 0.526390539428664 0.505314753396336 0.483317700896626 0.460267313634153 0.435997706415986 0.41028770393469 0.375614163737205 0.337551477555646 0.303564820096137 0.24365180073211 0.193227586022286 0.0737027814943235 0 -1 -1 -1 -1 -1 -1 -1 -1 -1 -1 -1 -1 -1 -1 -1 -1 -1 -1 -1 -1 -1 -1 -1 -1 -1
-1 0 0.177934257522266 0.243641129532762 0.303564820096137 0.345409901421485 0.38285245199685 0.423339107572168 0.454279649555205 0.483311493759459 0.499873984119998 0.515965115099849 0.536624636035283 0.556501572324823 0.561351939517447 0.580397277733106 0.594297063765252 0.580397277733106 0.566195196023421 0.556508760038869 0.536624636035283 0.515965115099849 0.499873984119998 0.483314597338007 0.460267313634153 0.435997706415986 0.41029135988953 0.382855063960241 0.353281757242006 0.312271676589472 0.26524516960729 0.220200817437175 0.110563556382743 0 -1 -1 -1 -1 -1 -1 -1 -1 -1 -1 -1 -1 -1 -1 -1 -1 -1 -1 -1 -1 -1 -1 -1 -1 -1 -1
-1 0 0.110563556382743 0.220200817437175 0.275112522434003 0.320978192405652 0.368374809127877 0.403550492503726 0.435991972403163 0.454279649555205 0.471938555322618 0.494443121096856 0.515949609942676 0.521173675467209 0.541636409411332 0.561351939517447 0.566192546754194 0.556508760038869 0.541636409411332 0.526390539428664 0.515957362579506 0.494443121096856 0.471938555322618 0.454279649555205 0.435994266017341 0.41029135988953 0.382855063960241 0.353284587832529 0.320981307866985 0.284994736793506 0.231924341111493 0.162695113632832 0.0491352215828931 -1 -1 -1 -1 -1 -1 -1 -1 -1 -1 -1 -1 -1 -1 -1 -1 -1 -1 -1 -1 -1 -1 -1 -1 -1 -1 -1
-1 -1 0.0368514585871441 0.177950273953147 0.243646465190858 0.303564820096137 0.345409901421485 0.38284853401835 0.403550492503726 0.423348556156744 0.448303468645961 0.471921603658913 0.477622235663291 0.499873984119998 0.521173675467209 0.536616250219838 0.54162625490277 0.526387689825665 0.515957362579506 0.499873984119998 0.483314597338007 0.471930079566878 0.448303468645961 0.423348556156744 0.403550492503726 0.38285245199685 0.353284587832529 0.320981307866985 0.284999473683725 0.24365180073211 0.193227586022286 0.0737027814943235 0 -1 -1 -1 -1 -1 -1 -1 -1 -1 -1 -1 -1 -1 -1 -1 -1 -1 -1 -1 -1 -1 -1 -1 -1 -1 -1 -1
-1 -1 0 0.110563556382743 0.220200817437175 0.275112522434003 0.320973519156955 0.345409901421485 0.368387024744358 0.396823638408802 0.423329658776703 0.429667313162172 0.454279649555205 0.477622235663291 0.49443503112138 0.505306837476003 0.505304858476544 0.499862981225856 0.483311493759459 0.471930079566878 0.454279649555205 0.435994266017341 0.423339107572168 0.396823638408802 0.368387024744358 0.345409901421485 0.320978192405652 0.284999473683725 0.24365180073211 0.193234313723003 0.110563556382743 0 -1 -1 -1 -1 -1 -1 -1 -1 -1 -1 -1 -1 -1 -1 -1 -1 -1 -1 -1 -1 -1 -1 -1 -1 -1 -1 -1 -1
-1 -1 0 0.0368514585871441 0.177950273953147 0.243641129532762 0.275112522434003 0.303578325972063 0.337551477555646 0.36836395046204 0.375614163737205 0.403550492503726 0.429667313162172 0.448294546029728 0.460261881975903 0.477605485730639 0.477587688283523 0.460255363901389 0.454267542313998 0.435991972403163 0.423339107572168 0.403550492503726 0.38285245199685 0.368374809127877 0.337551477555646 0.303578325972063 0.275112522434003 0.243646465190858 0.193234313723003 0.110563556382743 0 -1 -1 -1 -1 -1 -1 -1 -1 -1 -1 -1 -1 -1 -1 -1 -1 -1 -1 -1 -1 -1 -1 -1 -1 -1 -1 -1 -1 -1
-1 -1 -1 0 0.110563556382743 0.177950273953147 0.220219208971425 0.26524516960729 0.303551478336048 0.312271676589472 0.345409901421485 0.375614163737205 0.396813558236107 0.410284047947273 0.429654512370113 0.429673131577947 0.429654512370113 0.429628909641798 0.410277954562514 0.403536863247957 0.38284853401835 0.368374809127877 0.345409901421485 0.320978192405652 0.303564820096137 0.26524516960729 0.220219208971425 0.177950273953147 0.110563556382743 0 -1 -1 -1 -1 -1 -1 -1 -1 -1 -1 -1 -1 -1 -1 -1 -1 -1 -1 -1 -1 -1 -1 -1 -1 -1 -1 -1 -1 -1 -1
-1 -1 -1 -1 0 0.0368514585871441 0.162695113632832 0.220188782638898 0.231924341111493 0.275112522434003 0.312271676589472 0.33753814599242 0.353277511313698 0.375599520766467 0.382844615999755 0.403482341621043 0.382834167754133 0.375599520766467 0.375570233112264 0.353270434653114 0.345393977944028 0.320973519156955 0.303564820096137 0.275112522434003 0.243646465190858 0.220200817437175 0.162695113632832 0.0368514585871441 0 -1 -1 -1 -1 -1 -1 -1 -1 -1 -1 -1 -1 -1 -1 -1 -1 -1 -1 -1 -1 -1 -1 -1 -1 -1 -1 -1 -1 -1 -1 -1
-1 -1 -1 -1 -1 0 0.0368514585871441 0.0737027814943235 0.177950273953147 0.231924341111493 0.265229711759448 0.284990175269254 0.312254063224164 0.320968845840215 0.345378053732428 0.345362128786583 0.345338963918061 0.32096573025792 0.312254063224164 0.31221883351265 0.284985438224482 0.275092529887673 0.243641129532762 0.220200817437175 0.177950273953147 0.110563556382743 0.0368514585871441 0 -1 -1 -1 -1 -1 -1 -1 -1 -1 -1 -1 -1 -1 -1 -1 -1 -1 -1 -1 -1 -1 -1 -1 -1 -1 -1 -1 -1 -1 -1 -1 -1
-1 -1 -1 -1 -1 -1 -1 0 0.0737027814943235 0.162679132036042 0.193227586022286 0.231900409658974 0.243641129532762 0.275072535888263 0.275112522434003 0.275092529887673 0.275062538343556 0.275062538343556 0.243641129532762 0.231900409658974 0.231888550816982 0.193227586022286 0.177934257522266 0.110563556382743 0.0368514585871441 0 -1 -1 -1 -1 -1 -1 -1 -1 -1 -1 -1 -1 -1 -1 -1 -1 -1 -1 -1 -1 -1 -1 -1 -1 -1 -1 -1 -1 -1 -1 -1 -1 -1 -1
-1 -1 -1 -1 -1 -1 -1 -1 0 0 0.0737027814943235 0.110563556382743 0.177934257522266 0.177950273953147 0.220188782638898 0.193227586022286 0.177934257522266 0.177934257522266 0.177934257522266 0.110563556382743 0.0737027814943235 0.0737027814943235 0 0 -1 -1 -1 -1 -1 -1 -1 -1 -1 -1 -1 -1 -1 -1 -1 -1 -1 -1 -1 -1 -1 -1 -1 -1 -1 -1 -1 -1 -1 -1 -1 -1 -1 -1 -1 -1
-1 -1 -1 -1 -1 -1 -1 -1 -1 -1 -1 0 0 0.0368514585871441 0.0737027814943235 0.0737027814943235 0 0 0 0 -1 -1 -1 -1 -1 -1 -1 -1 -1 -1 -1 -1 -1 -1 -1 -1 -1 -1 -1 -1 -1 -1 -1 -1 -1 -1 -1 -1 -1 -1 -1 -1 -1 -1 -1 -1 -1 -1 -1 -1
