meuse/sqrtdist.asc
NCOLS 78
NROWS 104
XLLCORNER 178440
YLLCORNER 329600
CELLSIZE 40
NODATA_VALUE -1
[rows 52 to 77 of 104, columns 0 to 59 of 78]
-1 -1 -1 -1 -1 -1 -1 -1 -1 -1 -1 -1 -1 -1 -1 -1 -1 -1 -1 -1 -1 -1 -1 -1 -1 0 0.177934257522266 0.265204260900914 0.312271676589472 0.375584877224842 0.429616107705472 0.471886638929309 0.499873984119998 0.526390539428664 0.56134214165694 0.58507948178004 0.616716304308553 0.63839407891991 0.667509550493474 0.69543152071214 0.710902946962523 0.718513047898227 0.733486196189131 0.748157737378957 0.758967061208851 0.769635628073441 0.773157163841867 0.783626824451537 0.787084493558347 0.790540321552291 0.800762761371931 0.800776498156633 0.804175354011798 0.814231539551251 0.81424504910991 0.824191725267853 0.827481117609339 0.830774939439076 0.840524836039959 -1
-1 -1 -1 -1 -1 -1 -1 -1 -1 -1 -1 -1 -1 -1 -1 -1 -1 -1 -1 -1 -1 -1 -1 -1 -1 0.0368514585871441 0.177950273953147 0.275072535888263 0.337502592582635 0.375614163737205 0.429641711196667 0.477576171934907 0.515917629084334 0.541636409411332 0.566195196023421 0.598828022056416 0.621131226070627 0.651019200945717 0.671588415623736 0.699323244286932 0.726022038233 0.740854236675475 0.748159742301068 0.762550981902194 0.776673676649338 0.787091481341273 0.797383220289968 0.800783366460618 0.810895800951022 0.814238294358599 0.817578742385099 0.827467824147864 0.827481117609339 0.830770124643394 0.840508179615166 0.840521266833862 0.850160573068406 0.853349869631443 -1 -1
-1 -1 -1 -1 -1 -1 -1 -1 -1 -1 -1 -1 -1 -1 -1 -1 -1 -1 -1 -1 -1 -1 -1 -1 0 0.110563556382743 0.220200817437175 0.275112522434003 0.345378053732428 0.396782056045885 0.429667313162172 0.477599204354446 0.521132420791491 0.556471922023025 0.580397277733106 0.603377162312264 0.634100149818623 0.655201495724788 0.683601492099015 0.703216893995018 0.729751327508214 0.755374079512926 0.769640825320487 0.776675607959977 0.790547278788562 0.804178462780495 0.81424504910991 0.824197185144429 0.827487764259992 0.837277134525959 0.840514723249986 0.843751148147367 0.853336979158878 0.853349869631443 0.856538965838683 0.865988452578901 0.866001154733641 0.872270600215323 -1 -1
-1 -1 -1 -1 -1 -1 -1 -1 -1 -1 -1 -1 -1 -1 -1 -1 -1 -1 -1 -1 -1 -1 -1 -1 0 0.177934257522266 0.243641129532762 0.303564820096137 0.345409901421485 0.40352323353185 0.44826777711542 0.477622235663291 0.521152568831815 0.561312747049272 0.594262568230576 0.616725222445134 0.638396428561439 0.667509550493474 0.687584903848245 0.714699237441877 0.733482787800777 0.758959814482954 0.783626824451537 0.797388236682734 0.804180328035945 0.817585469538201 0.830773133893965 0.840521266833862 0.850165278048922 0.853356314794705 0.862851667437689 0.86599480367956 0.869135777655022 0.878444648227764 0.878457170270697 0.881555443520145 0.890739580348825 -1 -1 -1
-1 -1 -1 -1 -1 -1 -1 -1 -1 -1 -1 -1 -1 -1 -1 -1 -1 -1 -1 -1 -1 -1 -1 0 0.110563556382743 0.193234313723003 0.275092529887673 0.320973519156955 0.368374809127877 0.403550492503726 0.454255434750097 0.494409749094817 0.521173675467209 0.561332343625414 0.598800467601688 0.629788853505681 0.651027649182429 0.671590649130853 0.699323244286932 0.718508872596574 0.744498488917204 0.76254704772886 0.787084493558347 0.810895800951022 0.824202038337688 0.830774939439076 0.843757666631836 0.85654246829915 0.866001154733641 0.87536392431948 0.878463431225228 0.887690261296135 0.890745754971642 0.893799194450297 0.902854362563531 0.902866546063149 0.902875406686881 -1 -1 -1
-1 -1 -1 -1 -1 -1 -1 -1 -1 -1 -1 -1 -1 -1 -1 -1 -1 -1 -1 -1 -1 -1 -1 0.0368514585871441 0.177950273953147 0.243646465190858 0.284999473683725 0.345393977944028 0.38284853401835 0.423339107572168 0.454279649555205 0.499851978089514 0.536593887404618 0.561351939517447 0.598818837379052 0.63407412815853 0.663413897955115 0.683609537674834 0.703219027046339 0.729751327508214 0.748156400761231 0.773150050119639 0.790544116416029 0.814238294358599 0.837277134525959 0.850170571120878 0.856543635782789 0.869142105757166 0.881558279412087 0.89075136822797 0.899856655251268 0.902872637751305 0.911851961669217 0.914826759556147 0.917800087164956 0.926621281862229 -1 -1 -1 -1
-1 -1 -1 -1 -1 -1 -1 -1 -1 -1 -1 -1 -1 -1 -1 -1 -1 -1 -1 -1 -1 -1 0 0.110563556382743 0.220200817437175 0.275112522434003 0.320978192405652 0.353284587832529 0.403536863247957 0.435991972403163 0.471930079566878 0.499873984119998 0.541616100203825 0.575691757800995 0.59883720659291 0.634091476050577 0.667484831288322 0.695414265024812 0.714706932945246 0.733484151158019 0.758959814482954 0.776671745333896 0.800776498156633 0.817582411748198 0.840514723249986 0.862851667437689 0.875368493835596 0.881559980942874 0.893805347936563 0.905884098546828 0.914832771603641 0.923700167803384 0.92663908831864 0.935389758336064 0.938290466753233 0.938298992858886 -1 -1 -1 -1
-1 -1 -1 -1 -1 -1 -1 -1 -1 -1 -1 -1 -1 -1 -1 -1 -1 -1 -1 -1 -1 0 0.110563556382743 0.193234313723003 0.24365180073211 0.303564820096137 0.345409901421485 0.38285245199685 0.41029135988953 0.454267542313998 0.483311493759459 0.515957362579506 0.541636409411332 0.58037918639455 0.612296496805265 0.634108823468023 0.667501310860136 0.699299649649562 0.726004820920633 0.744505876403941 0.762549014818064 0.787084493558347 0.804176597520719 0.827481117609339 0.843754703690593 0.86599480367956 0.887690261296135 0.899861100392722 0.905885202440133 0.917806079735801 0.929573020262529 0.938296328459192 0.946943504122606 0.949810507417137 0.95834962304996 -1 -1 -1 -1 -1
-1 -1 -1 -1 -1 -1 -1 -1 -1 -1 -1 -1 -1 -1 -1 -1 -1 -1 -1 -1 0 0.110563556382743 0.193234313723003 0.24365180073211 0.284999473683725 0.320981307866985 0.368374809127877 0.403550492503726 0.435994266017341 0.460267313634153 0.499862981225856 0.526387689825665 0.556508760038869 0.580397277733106 0.616707386043008 0.646832281198148 0.667517790025105 0.699315379496261 0.729728716716014 0.755357531239346 0.773157163841867 0.790546013841067 0.814238294358599 0.83077132834493 0.853349869631443 0.869138654070799 0.890745754971642 0.911851961669217 0.923705039501247 0.929574633905207 0.941195516351411 0.952673081387314 0.961186766450725 0.969629826273924 0.972427375180275 -1 -1 -1 -1 -1
-1 -1 -1 -1 -1 -1 -1 -1 -1 -1 -1 -1 -1 -1 -1 -1 -1 -1 -1 0 0.110563556382743 0.193234313723003 0.24365180073211 0.284999473683725 0.320981307866985 0.353284587832529 0.382855063960241 0.423339107572168 0.454279649555205 0.483314597338007 0.505314753396336 0.54162625490277 0.566192546754194 0.594297063765252 0.616725222445134 0.651010752599371 0.679614596664904 0.699331108989154 0.729743790655323 0.75893807389009 0.783610872818901 0.800783366460618 0.817584246423572 0.840514723249986 0.856540717070706 0.878457170270697 0.893802550902603 0.914826759556147 0.935389758336064 0.946948256242124 0.952674655903053 0.964017116030623 0.975226127623742 0.981703111943728 -1 -1 -1 -1 -1 -1
-1 -1 -1 -1 -1 -1 -1 -1 -1 -1 -1 -1 -1 -1 -1 -1 -1 -1 0 0.110563556382743 0.193234313723003 0.24365180073211 0.284999473683725 0.320981307866985 0.353284587832529 0.382855063960241 0.41029135988953 0.435997706415986 0.471930079566878 0.499873984119998 0.526390539428664 0.546658028387035 0.580388662880315 0.603375504971821 0.62982140325651 0.651027649182429 0.683593446428504 0.710885363472902 0.729758864283265 0.758952567687863 0.787063529837332 0.810880385753657 0.827487764259992 0.843756481456587 0.86599480367956 0.881557145056405 0.902866546063149 0.917803355844813 0.938290466753233 0.95834962304996 0.969634467209164 0.975227153026412 0.986310296002227 0.989076336791049 -1 -1 -1 -1 -1 -1
-1 -1 -1 -1 -1 -1 -1 -1 -1 -1 -1 -1 -1 -1 -1 -1 -1 0 0.110563556382743 0.193234313723003 0.24365180073211 0.284999473683725 0.320981307866985 0.353284587832529 0.382855063960241 0.41029135988953 0.435997706415986 0.460267313634153 0.483317700896626 0.515957362579506 0.541636409411332 0.566195196023421 0.585084609266045 0.616716304308553 0.63839407891991 0.663444798005079 0.683609537674834 0.714691541855646 0.740838038980181 0.758967061208851 0.787077505713383 0.81421802976844 0.837262205046902 0.853356314794705 0.869140379915696 0.890745754971642 0.90588244270435 0.926632613283172 0.941192328910516 0.961181044340763 0.980772144792051 0.991755010070531 0.99629664257188 -1 -1 -1 -1 -1 -1 -1
-1 -1 -1 -1 -1 -1 -1 -1 -1 -1 -1 -1 -1 -1 -1 -1 -1 0.0737027814943235 0.193227586022286 0.24365180073211 0.284999473683725 0.320981307866985 0.353284587832529 0.382855063960241 0.41029135988953 0.435997706415986 0.460267313634153 0.483317700896626 0.505314753396336 0.526393389016238 0.556508760038869 0.580397277733106 0.603377162312264 0.621136055949097 0.651019200945717 0.671588415623736 0.695443743231615 0.714706932945246 0.744491101357162 0.769624583806936 0.787091481341273 0.814231539551251 0.840495687079952 0.862837759952588 0.878463431225228 0.893803669717237 0.914826759556147 0.92957140661705 0.949804716770769 0.964014004047659 0.980630919357533 0.983355479976595 0.988887759050541 -1 -1 -1 -1 -1 -1 -1
-1 -1 -1 -1 -1 -1 -1 -1 -1 -1 -1 -1 -1 -1 -1 -1 0 0.110563556382743 0.231900409658974 0.284990175269254 0.320981307866985 0.353284587832529 0.382855063960241 0.41029135988953 0.435997706415986 0.460267313634153 0.483317700896626 0.505314753396336 0.526393389016238 0.546658028387035 0.566197845280252 0.594297063765252 0.616725222445134 0.638396428561439 0.655206074452916 0.683601492099015 0.703216893995018 0.726033057098642 0.744505876403941 0.773142936331957 0.797372560350555 0.81424504910991 0.840508179615166 0.865975750237846 0.887676179696177 0.902872637751305 0.917804990180376 0.938290466753233 0.952565483313352 0.960981789629752 0.960993236188476 0.962887324664729 -1 -1 -1 -1 -1 -1 -1 -1
-1 -1 -1 -1 -1 -1 -1 -1 -1 -1 -1 -1 -1 -1 -1 -1 0 0.177934257522266 0.243641129532762 0.312254063224164 0.353277511313698 0.382855063960241 0.41029135988953 0.435997706415986 0.460267313634153 0.483317700896626 0.505314753396336 0.526393389016238 0.546658028387035 0.566197845280252 0.585084609266045 0.603379648314393 0.62982140325651 0.651027649182429 0.671590649130853 0.687588539753245 0.714699237441877 0.733482787800777 0.755384670217764 0.773157163841867 0.800769629793738 0.824186872013866 0.840521266833862 0.865988452578901 0.89072723097478 0.911838253200643 0.926581350988676 0.935236333768102 0.938085816969855 0.938097542902656 0.938109268688888 0.94390836419644 -1 -1 -1 -1 -1 -1 -1 -1
-1 -1 -1 -1 -1 -1 -1 -1 -1 -1 -1 -1 -1 -1 -1 -1 0.0491352215828931 0.177950273953147 0.275072535888263 0.320968845840215 0.375599520766467 0.410284047947273 0.435997706415986 0.460267313634153 0.483317700896626 0.505314753396336 0.526393389016238 0.546658028387035 0.566197845280252 0.585084609266045 0.603379648314393 0.621136055949097 0.63839799498432 0.663444798005079 0.683609537674834 0.703219027046339 0.718513047898227 0.744498488917204 0.76254704772886 0.783637033326016 0.800783366460618 0.827474470905296 0.850155868061851 0.866001154733641 0.890739580348825 0.911688543308514 0.914608112800231 0.914617406350874 0.914629433158588 0.914641459808159 0.916631878127747 -1 -1 -1 -1 -1 -1 -1 -1 -1
-1 -1 -1 -1 -1 -1 -1 -1 -1 -1 -1 -1 -1 -1 -1 0 0.0737027814943235 0.220188782638898 0.275112522434003 0.345378053732428 0.382844615999755 0.429654512370113 0.460261881975903 0.483317700896626 0.505314753396336 0.526393389016238 0.546658028387035 0.566197845280252 0.585084609266045 0.603379648314393 0.621136055949097 0.63839799498432 0.655206074452916 0.671592882630541 0.695443743231615 0.714706932945246 0.733484151158019 0.748159742301068 0.773150050119639 0.790544116416029 0.810905666523548 0.827487764259992 0.853343424419501 0.875306232126791 0.887537604837113 0.890533547936292 0.890533547936292 0.890542531269563 0.890554883204848 0.890567234968815 0.896676084213246 -1 -1 -1 -1 -1 -1 -1 -1 -1
-1 -1 -1 -1 -1 -1 -1 -1 -1 -1 -1 -1 -1 0 0 0.110563556382743 0.177950273953147 0.231924341111493 0.303551478336048 0.345409901421485 0.40352323353185 0.435988531959271 0.477610720147695 0.50530980596066 0.526393389016238 0.546658028387035 0.566197845280252 0.585084609266045 0.603379648314393 0.621136055949097 0.63839799498432 0.655206074452916 0.671592882630541 0.687588539753245 0.703221160091191 0.726033057098642 0.744505876403941 0.762549014818064 0.776675607959977 0.800776498156633 0.817582411748198 0.837286689252851 0.853303580210466 0.865789235322316 0.865789235322316 0.865789235322316 0.865789235322316 0.865798475397133 0.865811180338993 0.865823885094423 -1 -1 -1 -1 -1 -1 -1 -1 -1 -1
-1 -1 -1 -1 -1 -1 -1 -1 -1 -1 -1 0 0.0368514585871441 0.110563556382743 0.177934257522266 0.193234313723003 0.243646465190858 0.275112522434003 0.312271676589472 0.36836395046204 0.403550492503726 0.454255434750097 0.483308390160982 0.521163122256362 0.546653455124908 0.566197845280252 0.585084609266045 0.603379648314393 0.621136055949097 0.63839799498432 0.655206074452916 0.671592882630541 0.687588539753245 0.703221160091191 0.718513047898227 0.733486196189131 0.755384670217764 0.773157163841867 0.790546013841067 0.804180328035945 0.827433381004175 0.837136786911195 0.840316607000004 0.840316607000004 0.840316607000004 0.840316607000004 0.840316607000004 0.840326127167304 0.840339217221236 0.840348737132388 -1 -1 -1 -1 -1 -1 -1 -1 -1 -1
-1 -1 -1 -1 -1 -1 -1 -1 -1 -1 0 0.0368514585871441 0.162695113632832 0.220200817437175 0.243641129532762 0.275092529887673 0.284999473683725 0.320978192405652 0.345409901421485 0.375614163737205 0.423329658776703 0.454279649555205 0.499851978089514 0.526385790081761 0.56134214165694 0.58507948178004 0.603379648314393 0.621136055949097 0.63839799498432 0.655206074452916 0.671592882630541 0.687588539753245 0.703221160091191 0.718513047898227 0.733486196189131 0.748159742301068 0.762550981902194 0.783637033326016 0.800742780173509 0.810778021409066 0.814056509095038 0.814046681708119 0.814046681708119 0.814046681708119 0.814046681708119 0.814046681708119 0.814046681708119 0.814056509095038 0.814070021558342 0.814080462853642 -1 -1 -1 -1 -1 -1 -1 -1 -1 -1
-1 -1 -1 -1 -1 -1 -1 -1 -1 0 0.0368514585871441 0.162695113632832 0.220219208971425 0.26524516960729 0.303564820096137 0.320973519156955 0.345393977944028 0.353284587832529 0.38285245199685 0.403550492503726 0.429667313162172 0.471921603658913 0.499873984119998 0.541616100203825 0.566190780567822 0.598828022056416 0.621131226070627 0.63839799498432 0.655206074452916 0.671592882630541 0.687588539753245 0.703221160091191 0.718513047898227 0.733486196189131 0.748159742301068 0.762550981902194 0.776612515994946 0.783536214861828 0.786938371157488 0.786924392810389 0.786910414214985 0.786900247807815 0.786900247807815 0.786900247807815 0.786900247807815 0.786900247807815 0.786900247807815 0.786910414214985 0.786924392810389 0.793838144712132 -1 -1 -1 -1 -1 -1 -1 -1 -1 -1
-1 -1 -1 -1 -1 -1 -1 -1 -1 0.0368514585871441 0.162695113632832 0.220219208971425 0.26524516960729 0.303578325972063 0.337551477555646 0.368374809127877 0.38284853401835 0.403536863247957 0.41029135988953 0.435994266017341 0.454279649555205 0.477622235663291 0.515949609942676 0.541636409411332 0.58037918639455 0.603373018952621 0.634100149818623 0.655201495724788 0.671592882630541 0.687588539753245 0.703221160091191 0.718513047898227 0.733486196189131 0.748123652880993 0.755323109668968 0.758865600748907 0.758851764180594 0.758837268457474 0.758822772457443 0.758808276180486 0.758793779626586 0.758783236504339 0.758783236504339 0.758783236504339 0.758783236504339 0.758783236504339 0.758783236504339 0.758793779626586 0.758808276180486 -1 -1 -1 -1 -1 -1 -1 -1 -1 -1 -1
-1 -1 -1 -1 -1 -1 -1 -1 0 0.110563556382743 0.220200817437175 0.26524516960729 0.303578325972063 0.337551477555646 0.368387024744358 0.396823638408802 0.423339107572168 0.435991972403163 0.454267542313998 0.460267313634153 0.483314597338007 0.499873984119998 0.521173675467209 0.556501572324823 0.580397277733106 0.616707386043008 0.638391729269733 0.667509550493474 0.687584903848245 0.703221160091191 0.718505393159996 0.726014462665862 0.729713642465317 0.729698567903213 0.729683493029683 0.729668417844708 0.729654027604864 0.7296389518111 0.729623875705832 0.729608799289044 0.729593722560714 0.729582757471694 0.729582757471694 0.729582757471694 0.729582757471694 0.729582757471694 0.729582757471694 0.729593722560714 0.729608799289044 -1 -1 -1 -1 -1 -1 -1 -1 -1 -1 -1
-1 -1 -1 -1 -1 -1 -1 0 0.110563556382743 0.193234313723003 0.24365180073211 0.303564820096137 0.337551477555646 0.368387024744358 0.396823638408802 0.423348556156744 0.448303468645961 0.471930079566878 0.483311493759459 0.499862981225856 0.505314753396336 0.526390539428664 0.541636409411332 0.561351939517447 0.594290333086447 0.616725222445134 0.651010752599371 0.671586182109191 0.699323244286932 0.707096881622313 0.699331108989154 0.699315379496261 0.699299649649562 0.699283919449032 0.699268903927523 0.699253173035346 0.699237441789268 0.699221710189265 0.699205978235312 0.699190245927387 0.699174513265465 0.699163071107163 0.699163071107163 0.699163071107163 0.699163071107163 0.699163071107163 0.699163071107163 0.699174513265465 0.699190245927387 -1 -1 -1 -1 -1 -1 -1 -1 -1 -1 -1
-1 -1 -1 -1 -1 -1 0 0.110563556382743 0.193234313723003 0.24365180073211 0.284999473683725 0.320981307866985 0.368374809127877 0.396823638408802 0.423348556156744 0.448303468645961 0.471938555322618 0.494443121096856 0.515957362579506 0.526387689825665 0.54162625490277 0.546658028387035 0.566195196023421 0.580397277733106 0.59883720659291 0.62981425833336 0.651027649182429 0.683593446428504 0.687588539753245 0.683601492099015 0.679620482328189 0.667517790025105 0.667501310860136 0.667484831288322 0.667468351309633 0.667451870924039 0.667435390131509 0.667418908932014 0.667402427325523 0.667385945312006 0.6673702121012 0.667357475420782 0.667357475420782 0.667357475420782 0.667357475420782 0.667357475420782 0.667357475420782 0.6673702121012 0.667385945312006 0.659259433000393 -1 -1 -1 -1 -1 -1 -1 -1 -1 -1
-1 -1 -1 -1 -1 -1 0.0368514585871441 0.177950273953147 0.243646465190858 0.284999473683725 0.320981307866985 0.353284587832529 0.382855063960241 0.423339107572168 0.448303468645961 0.471938555322618 0.494443121096856 0.515965115099849 0.536624636035283 0.556508760038869 0.566192546754194 0.580388662880315 0.585084609266045 0.603377162312264 0.616725222445134 0.634108823468023 0.663438015190568 0.679634460574212 0.671590649130853 0.655206074452916 0.651019200945717 0.646838465151849 0.634108823468023 0.634091476050577 0.63407412815853 0.634056779791842 0.634039430950473 0.634022081634386 0.634004731843541 0.633987381577899 0.633970819517744 0.633957411818807 0.633957411818807 0.633957411818807 0.633957411818807 0.633957411818807 0.633957411818807 0.633970819517744 0.633987381577899 0.634000788643043 -1 -1 -1 -1 -1 -1 -1 -1 -1 -1
