NAME	= Valley Depth
DESCRIPTION	= 
UNIT	= 
DATAFORMAT	= FLOAT
DATAFILE_OFFSET	= 0
BYTEORDER_BIG	= FALSE
TOPTOBOTTOM	= FALSE
POSITION_XMIN	= 519063.9703025530
POSITION_YMIN	= 1355031.6648101001
CELLCOUNT_X	= 349
CELLCOUNT_Y	= 372
CELLSIZE	= 250.0000000000
Z_FACTOR	= 1.000000
Z_OFFSET	= 0.000000
NODATA_VALUE	= -99999.000000
