NAME	= Topographic Wetness Index
DESCRIPTION	= 
UNIT	= 
DATAFORMAT	= FLOAT
DATAFILE_OFFSET	= 0
BYTEORDER_BIG	= FALSE
TOPTOBOTTOM	= FALSE
POSITION_XMIN	= 668915.9571042360
POSITION_YMIN	= 448519.7040877160
CELLCOUNT_X	= 139
CELLCOUNT_Y	= 168
CELLSIZE	= 30.0000000000
Z_FACTOR	= 1.000000
Z_OFFSET	= 0.000000
NODATA_VALUE	= -99999.000000
