NAME	= Valley Depth
DESCRIPTION	= 
UNIT	= 
DATAFORMAT	= FLOAT
DATAFILE_OFFSET	= 0
BYTEORDER_BIG	= FALSE
TOPTOBOTTOM	= FALSE
POSITION_XMIN	= 7571695.0000000000
POSITION_YMIN	= 4877765.0000000000
CELLCOUNT_X	= 218
CELLCOUNT_Y	= 458
CELLSIZE	= 50.0000000000
Z_FACTOR	= 1.000000
Z_OFFSET	= 0.000000
NODATA_VALUE	= -99999.000000
